Total memory size: 48000 B, 46 KiB, 0 MiB

 Step    Time, s Interact/s  GFLOP/s
    0  7.959e-02  1.256e+07      0.2 (warm up)
    1  6.176e-02  1.619e+07      0.3 (warm up)
    2  3.818e-02  2.619e+07      0.4 (warm up)
    3  3.818e-02  2.619e+07      0.4
    4  3.839e-02  2.605e+07      0.4
    5  3.812e-02  2.623e+07      0.4
    6  3.811e-02  2.624e+07      0.4
    7  3.812e-02  2.623e+07      0.4
    8  3.837e-02  2.606e+07      0.4
    9  3.811e-02  2.624e+07      0.4
   10  3.811e-02  2.624e+07      0.4
   11  3.837e-02  2.606e+07      0.4
   12  3.810e-02  2.625e+07      0.4
-----------------------------------------------------
Average performance:             0.4 +- 0.0 GFLOP/s
-----------------------------------------------------
